[
  {
    "source": "mp-bbgt",
    "name": "Nb20Al10",
    "type": "intermetallic",
    "composition": "Nb20Al10",
    "elements": [
      "Nb",
      "Al"
    ],
    "atomCount": {
      "Nb": 20,
      "Al": 10
    },
    "data": [
      {
        "source": "init",
        "poscar": "data/intermetallic/mp-bbgt/init/POSCAR"
      },
      {
        "temperature": 0,
        "source": "DFT",
        "poscar": "data/intermetallic/mp-bbgt/DFT/POSCAR",
        "properties": {
          "structure": {
            "density": 6.8518491021678845,
            "latticeParameters": {
              "a": 5.179103808,
              "b": 9.978685133,
              "c": 9.978685133,
              "alpha": 90.00000576,
              "beta": 90,
              "gamma": 90,
              "pointGroup": ""
            },
            "rdf": ""
          },
          "thermodynamics": {
            "specificHeat": null,
            "mixingEnthalpy": -0.297434332,
            "diffusionCoefficient": null,
            "thermalExpansion": null,
            "specificHeat_v": null,
            "specificHeat_p": null
          },
          "mechanics": {
            "youngsModulus": 216.5325209,
            "bulkModulus": 159.5791622,
            "shearModulus": 84.991342,
            "poissonsRatio": 0.2738504641,
            "elasticConstants": [
              [
                295.0864,
                97.34828,
                97.34745,
                -0.000125,
                0.000035,
                0.000265
              ],
              [
                97.34828,
                281.85644,
                94.0108,
                0.00004,
                -0.000125,
                0.000285
              ],
              [
                97.34745,
                94.0108,
                281.85656,
                0.000025,
                0.000265,
                0
              ],
              [
                -0.000125,
                0.00004,
                0.000025,
                83.47877,
                0,
                0
              ],
              [
                0.000035,
                -0.000125,
                0.000265,
                0,
                75.71177,
                0
              ],
              [
                0.000265,
                0.000285,
                0,
                0,
                0,
                75.71187
              ]
            ],
            "stressStrain": ""
          },
          "defects": {
            "vacancyFormationEnergy": null,
            "interstitialFormationEnergy": {
              "dumbbell111": null,
              "dumbbell100": null,
              "crowdion111": null
            },
            "stackingFaultEnergy": null
          }
        }
      },
      {
        "temperature": 0,
        "source": "DPA1_251208",
        "poscar": "data/intermetallic/mp-bbgt/DPA1_251208/POSCAR",
        "properties": {
          "structure": {
            "density": 6.873665462285352,
            "latticeParameters": {
              "a": 5.180392562,
              "b": 9.961597518,
              "c": 9.961597518,
              "alpha": 90,
              "beta": 90,
              "gamma": 90,
              "pointGroup": ""
            },
            "rdf": ""
          },
          "thermodynamics": {
            "specificHeat": null,
            "mixingEnthalpy": -0.2965075398,
            "diffusionCoefficient": null,
            "thermalExpansion": null,
            "specificHeat_v": null,
            "specificHeat_p": null
          },
          "mechanics": {
            "youngsModulus": 212.3294788,
            "bulkModulus": 159.6134796,
            "shearModulus": 83.05229431,
            "poissonsRatio": 0.2782878579,
            "elasticConstants": [
              [
                289.202212,
                85.1231566,
                85.1231565,
                -1.941724052e-9,
                8.8557794e-12,
                8.8910682e-12
              ],
              [
                85.1231566,
                293.722346,
                109.690893,
                -6.72778382e-10,
                0,
                0
              ],
              [
                85.1231565,
                109.690893,
                293.722346,
                -6.72633976e-10,
                0,
                0
              ],
              [
                -1.941724052e-9,
                -6.72778382e-10,
                -6.72633976e-10,
                85.9047374,
                4.497e-14,
                8.268e-14
              ],
              [
                8.8557794e-12,
                0,
                0,
                4.497e-14,
                65.2129286,
                5.9866051e-11
              ],
              [
                8.8910682e-12,
                0,
                0,
                8.268e-14,
                5.9866051e-11,
                65.2129286
              ]
            ],
            "stressStrain": ""
          },
          "defects": {
            "vacancyFormationEnergy": null,
            "interstitialFormationEnergy": {
              "dumbbell111": null,
              "dumbbell100": null,
              "crowdion111": null
            },
            "stackingFaultEnergy": null
          }
        }
      },
      {
        "temperature": 0,
        "source": "DPA1_260109",
        "poscar": "data/intermetallic/mp-bbgt/DPA1_251208/POSCAR",
        "properties": {
          "structure": {
            "density": 6.854277582349368,
            "latticeParameters": {
              "a": 5.201749159,
              "b": 9.955176755,
              "c": 9.955176742,
              "alpha": 90.00000101,
              "beta": 90,
              "gamma": 90,
              "pointGroup": ""
            },
            "rdf": ""
          },
          "thermodynamics": {
            "specificHeat": null,
            "mixingEnthalpy": -0.3173360418,
            "diffusionCoefficient": null,
            "thermalExpansion": null,
            "specificHeat_v": null,
            "specificHeat_p": null
          },
          "mechanics": {
            "youngsModulus": 301.1886046,
            "bulkModulus": 228.5227983,
            "shearModulus": 117.6208705,
            "poissonsRatio": 0.2803365741,
            "elasticConstants": [
              [
                401.648866,
                123.4534765,
                123.4534767,
                -0.000001647088,
                0,
                0
              ],
              [
                123.4534765,
                416.308614,
                164.3125893,
                0.000003389618,
                0,
                0
              ],
              [
                123.4534767,
                164.3125893,
                416.30862,
                0.000005225404001,
                0,
                0
              ],
              [
                -0.000001647088,
                0.000003389618,
                0.000005225404001,
                118.77721,
                0,
                5.000000113e-13
              ],
              [
                0,
                0,
                0,
                0,
                97.5046128,
                -0.00000301469823
              ],
              [
                0,
                0,
                0,
                5.000000113e-13,
                -0.00000301469823,
                97.5046128
              ]
            ],
            "stressStrain": ""
          },
          "defects": {
            "vacancyFormationEnergy": null,
            "interstitialFormationEnergy": {
              "dumbbell111": null,
              "dumbbell100": null,
              "crowdion111": null
            },
            "stackingFaultEnergy": null
          }
        }
      },
      {
        "temperature": 0,
        "source": "DPA3_7ele_cryfinal",
        "poscar": "data/intermetallic/mp-bbgt/DPA3/POSCAR",
        "properties": {
          "structure": {
            "density": 6.851079457261931,
            "latticeParameters": {
              "a": 5.192297886,
              "b": 9.966587331,
              "c": 9.966529646,
              "alpha": 89.99931548,
              "beta": 89.99999994,
              "gamma": 89.99999968,
              "pointGroup": ""
            },
            "rdf": ""
          },
          "thermodynamics": {
            "specificHeat": null,
            "mixingEnthalpy": -0.2904959138,
            "diffusionCoefficient": null,
            "thermalExpansion": null,
            "specificHeat_v": null,
            "specificHeat_p": null
          },
          "mechanics": {
            "youngsModulus": 232.568329,
            "bulkModulus": 157.3879589,
            "shearModulus": 92.75124808,
            "poissonsRatio": 0.253720752,
            "elasticConstants": [
              [
                331.071828,
                81.1732768,
                81.1822618,
                -0.003452657,
                -0.00006915602365,
                -0.0003352234951
              ],
              [
                81.1732768,
                288.365568,
                92.0000466,
                0.0001118485,
                0.00002925406409,
                0.0005275979516
              ],
              [
                81.1822618,
                92.0000466,
                288.343064,
                -0.000866457,
                -0.000009476707929,
                0.0006837630921
              ],
              [
                -0.003452657,
                0.0001118485,
                -0.000866457,
                87.0054653,
                -0.00001077578855,
                0.00004745412223
              ],
              [
                -0.00006915602365,
                0.00002925406409,
                -0.000009476707929,
                -0.00001077578855,
                79.4751036,
                0.000629839243
              ],
              [
                -0.0003352234951,
                0.0005275979516,
                0.0006837630921,
                0.00004745412223,
                0.000629839243,
                79.4754051
              ]
            ],
            "stressStrain": ""
          },
          "defects": {
            "vacancyFormationEnergy": null,
            "interstitialFormationEnergy": {
              "dumbbell111": null,
              "dumbbell100": null,
              "crowdion111": null
            },
            "stackingFaultEnergy": null
          }
        }
      },
      {
        "temperature": 0,
        "source": "DPA1_7ele_cry260226",
        "poscar": "data/intermetallic/mp-bbgt/DPA1_251208/POSCAR",
        "properties": {
          "structure": {
            "density": 6.840518702369507,
            "latticeParameters": {
              "a": 5.1766571847320195,
              "b": 9.98930565583653,
              "c": 9.989305655922792,
              "alpha": 89.99999999952968,
              "beta": 89.99999999999167,
              "gamma": 90.00000000001378,
              "pointGroup": ""
            },
            "rdf": ""
          },
          "thermodynamics": {
            "specificHeat": null,
            "mixingEnthalpy": -0.2955963045458096,
            "diffusionCoefficient": null,
            "thermalExpansion": null,
            "specificHeat_v": null,
            "specificHeat_p": null
          },
          "mechanics": {
            "youngsModulus": 213.28610251050344,
            "bulkModulus": 142.96454526666716,
            "shearModulus": 85.22218624000013,
            "poissonsRatio": 0.2513531506329445,
            "elasticConstants": [
              [
                302.87489400000095,
                67.88431140000023,
                67.88431140000023,
                -5.699547600000139e-9,
                2.4478304999999652e-12,
                -3.722456599999947e-12
              ],
              [
                67.88431140000023,
                268.77482400000093,
                87.3595599000003,
                -2.8972759000000944e-9,
                0,
                0
              ],
              [
                67.88431140000023,
                87.3595599000003,
                268.77482400000093,
                -1.0241347968109012e-7,
                0,
                0
              ],
              [
                -5.699547600000139e-9,
                -2.8972759000000944e-9,
                -1.0241347968109012e-7,
                84.61521979999999,
                2.1349999999651394e-13,
                -1.887500000011805e-13
              ],
              [
                2.4478304999999652e-12,
                0,
                0,
                2.1349999999651394e-13,
                67.8315574,
                1.0587714695000001e-9
              ],
              [
                -3.722456599999947e-12,
                0,
                0,
                -1.887500000011805e-13,
                1.0587714695000001e-9,
                67.8315574
              ]
            ],
            "stressStrain": ""
          },
          "defects": {
            "vacancyFormationEnergy": null,
            "interstitialFormationEnergy": {
              "dumbbell111": null,
              "dumbbell100": null,
              "crowdion111": null
            },
            "stackingFaultEnergy": null
          }
        }
      }
    ],
    "id": "Alloy-IM-00001"
  },
  {
    "source": "mp-be",
    "name": "Cu1",
    "type": "intermetallic",
    "composition": "Cu1",
    "elements": [
      "Cu"
    ],
    "atomCount": {
      "Cu": 1
    },
    "data": [
      {
        "source": "init",
        "poscar": "data/intermetallic/mp-be/init/POSCAR"
      },
      {
        "temperature": 0,
        "source": "DFT",
        "poscar": "data/intermetallic/mp-be/DFT/POSCAR",
        "properties": {
          "structure": {
            "density": 8.789417786644282,
            "latticeParameters": {
              "a": 2.570182933,
              "b": 2.570183512,
              "c": 2.570182566,
              "alpha": 60.00001204,
              "beta": 60.00000459,
              "gamma": 60.00000272,
              "pointGroup": ""
            },
            "rdf": ""
          },
          "thermodynamics": {
            "specificHeat": null,
            "mixingEnthalpy": 0.0006291225,
            "diffusionCoefficient": null,
            "thermalExpansion": null,
            "specificHeat_v": null,
            "specificHeat_p": null
          },
          "mechanics": {
            "youngsModulus": 154.022279,
            "bulkModulus": 136.93044,
            "shearModulus": 58.67382267,
            "poissonsRatio": 0.3125297791,
            "elasticConstants": [
              [
                223.99092,
                84.01881,
                103.57011,
                0.5588,
                -2.940335,
                -24.457235
              ],
              [
                84.01881,
                243.8586,
                84.87295,
                -2.886085,
                0.304765,
                -1.400735
              ],
              [
                103.57011,
                84.87295,
                219.6007,
                -0.058305,
                0.233335,
                26.153555
              ],
              [
                0.5588,
                -2.886085,
                -0.058305,
                44.7888,
                24.585595,
                -1.35346
              ],
              [
                -2.940335,
                0.304765,
                0.233335,
                24.585595,
                62.26137,
                -0.428565
              ],
              [
                -24.457235,
                -1.400735,
                26.153555,
                -1.35346,
                -0.428565,
                47.77873
              ]
            ],
            "stressStrain": ""
          },
          "defects": {
            "vacancyFormationEnergy": null,
            "interstitialFormationEnergy": {
              "dumbbell111": null,
              "dumbbell100": null,
              "crowdion111": null
            },
            "stackingFaultEnergy": null
          }
        }
      },
      {
        "temperature": 0,
        "source": "DPA1_251208",
        "poscar": "data/intermetallic/mp-be/DPA1_251208/POSCAR",
        "properties": {
          "structure": {
            "density": 8.838084624931088,
            "latticeParameters": {
              "a": 2.56545688,
              "b": 2.565456879,
              "c": 2.565456879,
              "alpha": 60.00000001,
              "beta": 60.00000001,
              "gamma": 59.99999999,
              "pointGroup": ""
            },
            "rdf": ""
          },
          "thermodynamics": {
            "specificHeat": null,
            "mixingEnthalpy": -0.000007763280337,
            "diffusionCoefficient": null,
            "thermalExpansion": null,
            "specificHeat_v": null,
            "specificHeat_p": null
          },
          "mechanics": {
            "youngsModulus": 163.3587235,
            "bulkModulus": 145.5080967,
            "shearModulus": 62.21354972,
            "poissonsRatio": 0.3128870178,
            "elasticConstants": [
              [
                239.689236,
                107.6234029,
                89.2807767,
                25.90871295,
                4.907069997e-9,
                2.131076699e-8
              ],
              [
                107.6234029,
                239.552668,
                89.2780047,
                -25.9753583,
                2.467541007e-8,
                1.0001303e-8
              ],
              [
                89.2807767,
                89.2780047,
                257.966598,
                -0.07321581558,
                1.679839007e-7,
                8.282754801e-8
              ],
              [
                25.90871295,
                -25.9753583,
                -0.07321581558,
                47.4383535,
                8.069893006e-8,
                -1.532383447e-8
              ],
              [
                4.907069997e-9,
                2.467541007e-8,
                1.679839007e-7,
                8.069893006e-8,
                47.4382869,
                25.92689405
              ],
              [
                2.131076699e-8,
                1.0001303e-8,
                8.282754801e-8,
                -1.532383447e-8,
                25.92689405,
                65.8020098
              ]
            ],
            "stressStrain": ""
          },
          "defects": {
            "vacancyFormationEnergy": null,
            "interstitialFormationEnergy": {
              "dumbbell111": null,
              "dumbbell100": null,
              "crowdion111": null
            },
            "stackingFaultEnergy": null
          }
        }
      },
      {
        "temperature": 0,
        "source": "DPA1_260109",
        "poscar": "data/intermetallic/mp-be/DPA1_251208/POSCAR",
        "properties": {
          "structure": {
            "density": 8.797689863685623,
            "latticeParameters": {
              "a": 2.569377335,
              "b": 2.569377334,
              "c": 2.569377331,
              "alpha": 60.00000003,
              "beta": 60.00000006,
              "gamma": 59.99999991,
              "pointGroup": ""
            },
            "rdf": ""
          },
          "thermodynamics": {
            "specificHeat": null,
            "mixingEnthalpy": -0.00002302895973,
            "diffusionCoefficient": null,
            "thermalExpansion": null,
            "specificHeat_v": null,
            "specificHeat_p": null
          },
          "mechanics": {
            "youngsModulus": 169.2344011,
            "bulkModulus": 145.5215065,
            "shearModulus": 64.78244705,
            "poissonsRatio": 0.306174811,
            "elasticConstants": [
              [
                246.616974,
                107.6587075,
                82.4386583,
                35.68514245,
                5.473626101e-7,
                -2.3497605e-8
              ],
              [
                107.6587075,
                246.777504,
                82.4492866,
                -35.05371355,
                9.911005504e-11,
                -0.000001026190238
              ],
              [
                82.4386583,
                82.4492866,
                271.205776,
                0.2392085893,
                0.000001272731631,
                8.375614341e-7
              ],
              [
                35.68514245,
                -35.05371355,
                0.2392085893,
                45.0987297,
                7.196509e-7,
                1.433767661e-7
              ],
              [
                5.473626101e-7,
                9.911005504e-11,
                0.000001272731631,
                7.196509e-7,
                45.0932744,
                35.420467
              ],
              [
                -2.3497605e-8,
                -0.000001026190238,
                8.375614341e-7,
                1.433767661e-7,
                35.420467,
                69.7647143
              ]
            ],
            "stressStrain": ""
          },
          "defects": {
            "vacancyFormationEnergy": null,
            "interstitialFormationEnergy": {
              "dumbbell111": null,
              "dumbbell100": null,
              "crowdion111": null
            },
            "stackingFaultEnergy": null
          }
        }
      },
      {
        "temperature": 0,
        "source": "DPA3_7ele_cryfinal",
        "poscar": "data/intermetallic/mp-be/DPA3/POSCAR",
        "properties": {
          "structure": {
            "density": 8.831611752074242,
            "latticeParameters": {
              "a": 2.56608342,
              "b": 2.566075892,
              "c": 2.566072504,
              "alpha": 60.00038058,
              "beta": 60.00027509,
              "gamma": 60.0003055,
              "pointGroup": ""
            },
            "rdf": ""
          },
          "thermodynamics": {
            "specificHeat": null,
            "mixingEnthalpy": 0.00003115425989,
            "diffusionCoefficient": null,
            "thermalExpansion": null,
            "specificHeat_v": null,
            "specificHeat_p": null
          },
          "mechanics": {
            "youngsModulus": 148.4024635,
            "bulkModulus": 139.7281175,
            "shearModulus": 56.08615359,
            "poissonsRatio": 0.3229866375,
            "elasticConstants": [
              [
                225.066006,
                105.7587043,
                88.505169,
                24.39951185,
                0.0000725549,
                0.0003716086
              ],
              [
                105.7587043,
                224.884704,
                88.5003214,
                -24.3920644,
                0.0002645376,
                0.0048945004
              ],
              [
                88.505169,
                88.5003214,
                242.073958,
                -0.0530722863,
                0.0038118635,
                0.0015095609
              ],
              [
                24.39951185,
                -24.3920644,
                -0.0530722863,
                42.2273415,
                0.00171950675,
                0.0005727881
              ],
              [
                0.0000725549,
                0.0002645376,
                0.0038118635,
                0.00171950675,
                42.2295203,
                24.39667465
              ],
              [
                0.0003716086,
                0.0048945004,
                0.0015095609,
                0.0005727881,
                24.39667465,
                59.501767
              ]
            ],
            "stressStrain": ""
          },
          "defects": {
            "vacancyFormationEnergy": null,
            "interstitialFormationEnergy": {
              "dumbbell111": null,
              "dumbbell100": null,
              "crowdion111": null
            },
            "stackingFaultEnergy": null
          }
        }
      },
      {
        "temperature": 0,
        "source": "DPA1_7ele_cry260226",
        "poscar": "data/intermetallic/mp-be/DPA1_251208/POSCAR",
        "properties": {
          "structure": {
            "density": 8.82635536055266,
            "latticeParameters": {
              "a": 2.5665927809624796,
              "b": 2.566592781162652,
              "c": 2.5665927794153363,
              "alpha": 60.00000001695065,
              "beta": 60.000000030843616,
              "gamma": 59.99999996351472,
              "pointGroup": ""
            },
            "rdf": ""
          },
          "thermodynamics": {
            "specificHeat": null,
            "mixingEnthalpy": -0.00004306680966692511,
            "diffusionCoefficient": null,
            "thermalExpansion": null,
            "specificHeat_v": null,
            "specificHeat_p": null
          },
          "mechanics": {
            "youngsModulus": 157.2686077642972,
            "bulkModulus": 141.68526417777827,
            "shearModulus": 59.7978408400001,
            "poissonsRatio": 0.31500239435983746,
            "elasticConstants": [
              [
                232.8680440000008,
                105.49496840000037,
                86.81268240000031,
                26.38764645000004,
                -8.72195500176378e-8,
                -4.9901000236992796e-9
              ],
              [
                105.49496840000037,
                232.6919560000008,
                86.8087670000003,
                -26.42857290000005,
                1.6561490000003794e-8,
                -2.7343951864351697e-7
              ],
              [
                86.81268240000031,
                86.8087670000003,
                251.37454200000084,
                -0.06914014230384713,
                2.2949976016872347e-7,
                2.5005689802365993e-7
              ],
              [
                26.38764645000004,
                -26.42857290000005,
                -0.06914014230384713,
                44.771070000000016,
                2.996530050311444e-7,
                -8.804851000427113e-8
              ],
              [
                -8.72195500176378e-8,
                1.6561490000003794e-8,
                2.2949976016872347e-7,
                2.996530050311444e-7,
                44.77080270000001,
                26.40182685
              ],
              [
                -4.9901000236992796e-9,
                -2.7343951864351697e-7,
                2.5005689802365993e-7,
                -8.804851000427113e-8,
                26.40182685,
                63.456694100000014
              ]
            ],
            "stressStrain": ""
          },
          "defects": {
            "vacancyFormationEnergy": null,
            "interstitialFormationEnergy": {
              "dumbbell111": null,
              "dumbbell100": null,
              "crowdion111": null
            },
            "stackingFaultEnergy": null
          }
        }
      }
    ],
    "id": "Alloy-IM-00002"
  },
  {
    "source": "mp-beq",
    "name": "Nb6Al2",
    "type": "intermetallic",
    "composition": "Nb6Al2",
    "elements": [
      "Nb",
      "Al"
    ],
    "atomCount": {
      "Nb": 6,
      "Al": 2
    },
    "data": [
      {
        "source": "init",
        "poscar": "data/intermetallic/mp-beq/init/POSCAR"
      },
      {
        "temperature": 0,
        "source": "DFT",
        "poscar": "data/intermetallic/mp-beq/DFT/POSCAR",
        "properties": {
          "structure": {
            "density": 7.252433087567306,
            "latticeParameters": {
              "a": 5.192349382,
              "b": 5.192349382,
              "c": 5.192349382,
              "alpha": 90,
              "beta": 90,
              "gamma": 90,
              "pointGroup": ""
            },
            "rdf": ""
          },
          "thermodynamics": {
            "specificHeat": null,
            "mixingEnthalpy": -0.1855538763,
            "diffusionCoefficient": null,
            "thermalExpansion": null,
            "specificHeat_v": null,
            "specificHeat_p": null
          },
          "mechanics": {
            "youngsModulus": -28.09981866,
            "bulkModulus": 160.9049511,
            "shearModulus": -9.188316,
            "poissonsRatio": 0.5291060224,
            "elasticConstants": [
              [
                156.67532,
                163.01947,
                163.01754,
                -0.00284,
                -0.00103,
                -0.011035
              ],
              [
                163.01947,
                156.68018,
                163.01753,
                0.001445,
                0.00545,
                -0.00772
              ],
              [
                163.01754,
                163.01753,
                156.67998,
                0.001455,
                -0.00116,
                -0.06701
              ],
              [
                -0.00284,
                0.001445,
                0.001455,
                -13.1394,
                0,
                0
              ],
              [
                -0.00103,
                0.00545,
                -0.00116,
                0,
                -13.14314,
                0
              ],
              [
                -0.011035,
                -0.00772,
                -0.06701,
                0,
                0,
                -13.31806
              ]
            ],
            "stressStrain": ""
          },
          "defects": {
            "vacancyFormationEnergy": null,
            "interstitialFormationEnergy": {
              "dumbbell111": null,
              "dumbbell100": null,
              "crowdion111": null
            },
            "stackingFaultEnergy": null
          }
        }
      },
      {
        "temperature": 0,
        "source": "DPA1_251208",
        "poscar": "data/intermetallic/mp-beq/DPA1_251208/POSCAR",
        "properties": {
          "structure": {
            "density": 7.632640695483557,
            "latticeParameters": {
              "a": 5.104660674,
              "b": 5.104660674,
              "c": 5.104660674,
              "alpha": 90,
              "beta": 90,
              "gamma": 90,
              "pointGroup": ""
            },
            "rdf": ""
          },
          "thermodynamics": {
            "specificHeat": null,
            "mixingEnthalpy": -3.383827029,
            "diffusionCoefficient": null,
            "thermalExpansion": null,
            "specificHeat_v": null,
            "specificHeat_p": null
          },
          "mechanics": {
            "youngsModulus": 9512.207154,
            "bulkModulus": 6217.313207,
            "shearModulus": 3820.140316,
            "poissonsRatio": 0.2450075609,
            "elasticConstants": [
              [
                11431.8175,
                3610.06106,
                3610.06106,
                -2.5570431e-11,
                -7.062386352e-12,
                -2.7204223e-11
              ],
              [
                3610.06106,
                11431.8175,
                3610.06106,
                1.376475698e-12,
                4.189087098e-12,
                -6.418214664e-12
              ],
              [
                3610.06106,
                3610.06106,
                11431.8175,
                2.865135646e-12,
                -2.5755474e-11,
                1.05971578e-11
              ],
              [
                -2.5570431e-11,
                1.376475698e-12,
                2.865135646e-12,
                3759.64838,
                -2.140005182e-11,
                -1.37025806e-12
              ],
              [
                -7.062386352e-12,
                4.189087098e-12,
                -2.5755474e-11,
                -2.140005182e-11,
                3759.64838,
                5.4357054e-12
              ],
              [
                -2.7204223e-11,
                -6.418214664e-12,
                1.05971578e-11,
                -1.37025806e-12,
                5.4357054e-12,
                3759.64838
              ]
            ],
            "stressStrain": ""
          },
          "defects": {
            "vacancyFormationEnergy": null,
            "interstitialFormationEnergy": {
              "dumbbell111": null,
              "dumbbell100": null,
              "crowdion111": null
            },
            "stackingFaultEnergy": null
          }
        }
      },
      {
        "temperature": 0,
        "source": "DPA1_260109",
        "poscar": "data/intermetallic/mp-beq/DPA1_251208/POSCAR",
        "properties": {
          "structure": {
            "density": 7.216642652038363,
            "latticeParameters": {
              "a": 5.200918929,
              "b": 5.200918929,
              "c": 5.200918929,
              "alpha": 90,
              "beta": 90,
              "gamma": 90,
              "pointGroup": ""
            },
            "rdf": ""
          },
          "thermodynamics": {
            "specificHeat": null,
            "mixingEnthalpy": -0.2582153447,
            "diffusionCoefficient": null,
            "thermalExpansion": null,
            "specificHeat_v": null,
            "specificHeat_p": null
          },
          "mechanics": {
            "youngsModulus": 238.7430014,
            "bulkModulus": 230.55874,
            "shearModulus": 89.92765152,
            "poissonsRatio": 0.3274170815,
            "elasticConstants": [
              [
                381.859254,
                154.908483,
                154.908483,
                0,
                0,
                0
              ],
              [
                154.908483,
                381.859254,
                154.908483,
                -2.2033978e-13,
                0,
                0
              ],
              [
                154.908483,
                154.908483,
                381.859254,
                0,
                0,
                0
              ],
              [
                0,
                -2.2033978e-13,
                0,
                74.2291622,
                0,
                0
              ],
              [
                0,
                0,
                0,
                0,
                74.2291622,
                0
              ],
              [
                0,
                0,
                0,
                0,
                0,
                74.2291622
              ]
            ],
            "stressStrain": ""
          },
          "defects": {
            "vacancyFormationEnergy": null,
            "interstitialFormationEnergy": {
              "dumbbell111": null,
              "dumbbell100": null,
              "crowdion111": null
            },
            "stackingFaultEnergy": null
          }
        }
      },
      {
        "temperature": 0,
        "source": "DPA3_7ele_cryfinal",
        "poscar": "data/intermetallic/mp-beq/DPA3/POSCAR",
        "properties": {
          "structure": {
            "density": 7.230254756247235,
            "latticeParameters": {
              "a": 5.19765302,
              "b": 5.197653025,
              "c": 5.197653034,
              "alpha": 90.00000004,
              "beta": 89.99999998,
              "gamma": 89.99999996,
              "pointGroup": ""
            },
            "rdf": ""
          },
          "thermodynamics": {
            "specificHeat": null,
            "mixingEnthalpy": -0.2620044384,
            "diffusionCoefficient": null,
            "thermalExpansion": null,
            "specificHeat_v": null,
            "specificHeat_p": null
          },
          "mechanics": {
            "youngsModulus": 237.2355075,
            "bulkModulus": 168.0307745,
            "shearModulus": 93.79192888,
            "poissonsRatio": 0.2646904183,
            "elasticConstants": [
              [
                334.6931,
                84.692948,
                84.6951671,
                -0.003170148482,
                -0.00003441868128,
                -0.000073775321
              ],
              [
                84.692948,
                334.719488,
                84.6890651,
                0.001196237433,
                0.0000498232428,
                -0.0000860426592
              ],
              [
                84.6951671,
                84.6890651,
                334.710022,
                0.001652191975,
                0.0000221009306,
                0.0000735589408
              ],
              [
                -0.003170148482,
                0.001196237433,
                0.001652191975,
                72.981996,
                -0.00003437309969,
                -0.00003093037995
              ],
              [
                -0.00003441868128,
                0.0000498232428,
                0.0000221009306,
                -0.00003437309969,
                72.9878891,
                -0.0000260456664
              ],
              [
                -0.000073775321,
                -0.0000860426592,
                0.0000735589408,
                -0.00003093037995,
                -0.0000260456664,
                72.9769553
              ]
            ],
            "stressStrain": ""
          },
          "defects": {
            "vacancyFormationEnergy": null,
            "interstitialFormationEnergy": {
              "dumbbell111": null,
              "dumbbell100": null,
              "crowdion111": null
            },
            "stackingFaultEnergy": null
          }
        }
      },
      {
        "temperature": 0,
        "source": "DPA1_7ele_cry260226",
        "poscar": "data/intermetallic/mp-beq/DPA1_251208/POSCAR",
        "properties": {
          "structure": {
            "density": 7.706534022153801,
            "latticeParameters": {
              "a": 5.088293073746542,
              "b": 5.088293073746542,
              "c": 5.088293073746542,
              "alpha": 90,
              "beta": 90,
              "gamma": 90,
              "pointGroup": ""
            },
            "rdf": ""
          },
          "thermodynamics": {
            "specificHeat": null,
            "mixingEnthalpy": -5.90618779025408,
            "diffusionCoefficient": null,
            "thermalExpansion": null,
            "specificHeat_v": null,
            "specificHeat_p": null
          },
          "mechanics": {
            "youngsModulus": 9872.950246997692,
            "bulkModulus": 20458.054280000062,
            "shearModulus": 3477.4499960000044,
            "poissonsRatio": 0.41956753632032384,
            "elasticConstants": [
              [
                25343.150400000075,
                18015.506220000058,
                18015.506220000058,
                -7.065948607121371e-12,
                -1.2896624257121353e-11,
                -1.9765934371212714e-12
              ],
              [
                18015.506220000058,
                25343.150400000075,
                18015.506220000058,
                1.954717292878527e-12,
                1.2688932928786011e-12,
                2.7927580272878835e-11
              ],
              [
                18015.506220000058,
                18015.506220000058,
                25343.150400000075,
                4.350810282878618e-12,
                -2.32257775871212e-11,
                -6.613108120712155e-11
              ],
              [
                -7.065948607121371e-12,
                1.954717292878527e-12,
                4.350810282878618e-12,
                3353.2507000000005,
                3.452585799999999e-13,
                -6.418363720000009e-12
